1	-0.00109688	0.162352	-0.124672	0.351578	-0.331182	0.479858	-0.322615	0.297098
-0.00109688	1	-0.56588	0.693164	-0.437198	0.487709	-0.297291	0.297646	0.162835
0.162352	-0.56588	1	-0.678206	0.826773	-0.687923	0.486703	-0.448572	0.208744
-0.124672	0.693164	-0.678206	1	-0.739791	0.7005	-0.573544	0.497392	-0.150099
0.351578	-0.437198	0.826773	-0.739791	1	-0.850673	0.734834	-0.602427	0.339082
-0.331182	0.487709	-0.687923	0.7005	-0.850673	1	-0.834115	0.711308	-0.45272
0.479858	-0.297291	0.486703	-0.573544	0.734834	-0.834115	1	-0.876598	0.578527
-0.322615	0.297646	-0.448572	0.497392	-0.602427	0.711308	-0.876598	1	-0.688372
0.297098	0.162835	0.208744	-0.150099	0.339082	-0.45272	0.578527	-0.688372	1
